6030235457: 7430431400 2694604693 6992137459
7528298698: 5398468174 9556986940 0203460676
2122191351: 2662435878 7050274158 8367190195
1627086392: 6212008014 3423304351 1890113779
2659359910: 8963001170 6688112000 8963214702
0258780907: 1657984563 2456983001 6987746769
9579732970: 1657982772 3439854199 5269546769
6016457828: 7744789630 1299999630 8878966221
0978759921: 4411007890 5522114390 9988776623
5987053284: 7744120090 6688552317 9966987552
0224077470: 0000412369 3439836741 1155246769 
0507986283: 6398741230 3439856911 5269542318
8165390758: 8974002369 6689623101 1417181923
8300279160: 1512003369 1001002266 6989741230
7668953588: 1478963200 2569871400 3323698974
0417193227: 4512008976 1418236987 5547896312
5050729566: 2369871423 1500147896 3698745200
3046210843: 6699147823 0221539800 8569321440
2036128822: 5732632250 4590543656 8448749152
5612089129: 2768812833 1858620293 4655834724